image: map_0.05.pgm
resolution: 0.050000
origin: [-4.999719, -4.996900, 0]
negate: 0
occupied_thresh: 0.65
free_thresh: 0.196

